0 266 9
1 1544 11
2 1233 11
3 1042 11
4 1234 11
5 1362 11
6 1166 11
7 1043 11
8 1167 11
9 1360 11
10 1235 11
11 1361 11
12 1232 11
13 1363 11
14 1456 11
15 1457 11
16 1545 11
17 1546 11
18 1638 11
19 1668 11
20 1714 11
21 1547 11
22 1639 11
23 1669 11
24 1715 11
25 1836 11
26 1837 11
27 520 10
28 582 10
29 729 10
30 816 10
31 903 10
32 969 10
33 314 9
34 350 9
35 348 9
36 290 9
37 983 10
38 968 10
39 261 9
40 305 9
41 309 9
42 376 9
43 421 9
44 462 9
45 137 8
46 150 8
47 153 8
48 142 8
49 168 8
50 151 8
51 507 9
52 439 9
53 410 9
54 393 9
55 398 9
56 403 9
57 420 9
58 418 9
59 415 9
60 419 9
61 427 9
62 448 9
63 481 9
64 141 8
65 470 9
66 440 9
67 442 9
68 465 9
69 490 9
70 136 8
71 498 9
72 499 9
73 486 9
74 134 8
75 502 9
76 138 8
77 139 8
78 149 8
79 500 9
80 466 9
81 411 9
82 358 9
83 1011 10
84 956 10
85 949 10
86 971 10
87 927 10
88 876 10
89 833 10
90 818 10
91 817 10
92 850 10
93 882 10
94 982 10
95 293 9
96 352 9
97 317 9
98 315 9
99 341 9
100 351 9
101 359 9
102 379 9
103 366 9
104 372 9
105 380 9
106 384 9
107 355 9
108 356 9
109 316 9
110 377 9
111 362 9
112 422 9
113 443 9
114 147 8
115 187 8
116 217 8
117 215 8
118 203 8
119 135 8
120 449 9
121 413 9
122 392 9
123 395 9
124 450 9
125 472 9
126 506 9
127 453 9
128 424 9
129 371 9
130 258 9
131 936 10
132 919 10
133 926 10
134 943 10
135 952 10
136 970 10
137 280 9
138 347 9
139 378 9
140 382 9
141 383 9
142 353 9
143 297 9
144 1009 10
145 1002 10
146 296 9
147 363 9
148 405 9
149 460 9
150 477 9
151 497 9
152 475 9
153 454 9
154 444 9
155 437 9
156 447 9
157 461 9
158 496 9
159 171 8
160 184 8
161 180 8
162 172 8
163 128 8
164 457 9
165 429 9
166 426 9
167 455 9
168 493 9
169 159 8
170 169 8
171 132 8
172 467 9
173 456 9
174 464 9
175 479 9
176 473 9
177 131 8
178 489 9
179 458 9
180 412 9
181 373 9
182 310 9
183 289 9
184 1003 10
185 985 10
186 1008 10
187 267 9
188 304 9
189 349 9
190 354 9
191 292 9
192 957 10
193 937 10
194 904 10
195 902 10
196 892 10
197 905 10
198 893 10
199 883 10
200 866 10
201 835 10
202 832 10
203 851 10
204 856 10
205 867 10
206 877 10
207 942 10
208 259 9
209 287 9
210 953 10
211 939 10
212 938 10
213 976 10
214 286 9
215 346 9
216 311 9
217 288 9
218 1010 10
219 977 10
220 948 10
221 984 10
222 281 9
223 357 9
224 370 9
225 399 9
226 381 9
227 385 9
228 367 9
229 365 9
230 389 9
231 423 9
232 436 9
233 487 9
234 503 9
235 156 8
236 494 9
237 480 9
238 432 9
239 414 9
240 391 9
241 404 9
242 387 9
243 394 9
244 390 9
245 402 9
246 388 9
247 397 9
248 396 9
249 445 9
250 495 9
251 200 8
252 241 8
253 127 7
254 20 5
255 0 1
